version https://git-lfs.github.com/spec/v1
oid sha256:824453989c99bee5825f5e7dab4b1d5c758a8e0353ee7572a3d9008cc39a81bf
size 909027
